2 0.820937 0.375555 0.357500 0.729236
12 0.123750 0.451184 0.247500 0.789867
12 0.817500 0.377850 0.366250 0.727575
14 0.634375 0.660584 0.184375 0.211794
22 0.467812 0.624060 0.141875 0.126245
22 0.474062 0.458892 0.120000 0.102159
22 0.445312 0.433752 0.146875 0.123755
21 0.448437 0.355482 0.396875 0.710964
21 0.228437 0.675550 0.081875 0.044850
3 0.583437 0.501272 0.188750 0.174419
3 0.270000 0.603571 0.121250 0.107142
3 0.463438 0.729568 0.720625 0.259136
2 0.438125 0.884930 0.876250 0.229236
9 0.228750 0.200581 0.457500 0.401163
19 0.479375 0.296320 0.036875 0.020764
19 0.475938 0.166497 0.045625 0.226744
