24 0.499688 0.653327 0.999375 0.691030
23 0.499688 0.654475 0.999375 0.690200
24 0.011250 0.289612 0.022500 0.044850
24 0.284687 0.562775 0.013125 0.022425
24 0.086250 0.567068 0.010000 0.009136
23 0.357500 0.583503 0.040000 0.023256
13 0.647500 0.431894 0.704375 0.863787
22 0.351875 0.246055 0.135000 0.117109
22 0.392188 0.210631 0.140625 0.121263
22 0.254688 0.295941 0.050000 0.060631
21 0.280938 0.177326 0.390000 0.354652
21 0.378750 0.347892 0.245000 0.389534
21 0.237500 0.198749 0.306250 0.313123
21 0.165938 0.211701 0.085000 0.104652
21 0.101250 0.101931 0.011875 0.091362
4 0.185938 0.277206 0.153125 0.113787
