12 0.464375 0.557070 0.800625 0.882891
5 0.872500 0.501947 0.126250 0.394519
15 0.739375 0.515573 0.156875 0.156147
15 0.967812 0.503732 0.063750 0.073089
9 0.471875 0.198090 0.715625 0.396180
1 0.055000 0.764976 0.110000 0.451827
21 0.058125 0.305290 0.116250 0.388705
6 0.733437 0.413798 0.154375 0.096345
6 0.966875 0.387391 0.065000 0.127906
6 0.917812 0.233321 0.163750 0.069767
0 0.956563 0.105066 0.085000 0.210133
16 0.886875 0.052450 0.011250 0.029900
21 0.860625 0.083124 0.071250 0.063123
21 0.868750 0.118252 0.093750 0.049003
23 0.805625 0.718070 0.386250 0.345516
23 0.969063 0.473967 0.060000 0.057309
21 0.876433 0.118487 0.046616 0.027600
23 0.080312 0.796408 0.151250 0.405316
20 0.064375 0.077242 0.128750 0.154484
18 0.094375 0.184308 0.116875 0.102991
18 0.839375 0.045681 0.069375 0.091362
17 0.635938 0.884930 0.728125 0.229236
